 -1.6061   -0.3560    0.5106   -0.4436   -1.0457   -0.9027
 -2.5455   -1.8924   -0.8473    0.9227   -1.0045   -0.0790
  0.7751    0.4906    0.8729   -1.0526   -0.7384   -0.7944
  0.8983    0.7018    0.2105   -0.7405   -0.9445    0.4469
  2.9458   -0.2936    1.8900    1.3557   -0.1354   -0.5235
 -3.4600   -0.5868   -1.3144   -1.4205   -0.4226   -0.3206
 -3.1791   -1.2267   -0.9636   -1.4510    1.5979   -1.5229
  0.6309    3.0195   -1.0690   -0.9702   -0.3811   -1.1105
  4.2999    1.6093    0.0597   -1.3630    0.2348    2.7340
  3.7396    0.0956    0.9866    0.7002   -0.3093    1.8455
  2.9372   -0.0155    2.3977    0.4143    0.3409   -0.3844
  0.9789   -1.3275    0.2395    0.2887    0.5486    0.5039
 -1.5247   -0.5088    0.0767    0.3578   -1.0160   -0.8048
 -2.9958   -0.9795   -1.0227    0.5912   -1.6335   -0.7928
 -4.3826   -1.3323    0.2200   -1.6361   -1.8104   -0.5581
  2.3634    0.7614   -0.3941   -0.4767   -0.0349    0.9367
  4.0130    0.6823    0.3095    1.3320    0.6758   -0.1634
 -0.2433   -0.2959    0.4051    0.0965   -0.8909   -0.5154
  0.4875   -0.5245    1.4573   -0.2011   -1.8913    1.3819
  2.9541   -0.4205   -0.2280    0.8304    2.2175   -0.3699
 -2.2802   -0.6509   -0.2396   -0.7675   -0.9381    0.0923
 -1.2663    0.2110   -1.0926    1.7064   -1.5436   -0.9211
  3.9990    0.9277   -0.6718    1.3710    0.1596    1.1250
  0.4684   -0.1609   -0.1090   -0.0878   -0.3688    0.5548
  2.9968    0.2096    1.0522    1.5412   -1.0122    1.0254
  1.2966   -0.2513    0.4720    0.6069    0.1134    0.3106
  4.0522    0.1069    2.0289   -0.2911    0.8850    0.5993
  1.3648   -0.0905    1.0027    0.6400   -0.5823    0.0475
  1.1913    1.5203   -0.5523   -0.9173   -0.7176    0.1976
  1.5550   -0.2649    0.8026    0.4899   -0.6733    0.8168
  2.6861   -0.0604    0.8157    1.7732   -0.3197   -0.1501
  0.5607    0.0426   -0.5312   -0.1889    1.6065   -0.3900
  2.4445   -0.5664   -0.0888   -0.2658    1.0613    1.3937
 -2.4851   -1.2105   -0.3321   -0.4489    0.3005   -1.5948
 -0.5859   -1.9642   -0.3430    0.6864    0.3511   -0.0621
 -1.7972   -1.1490   -1.7586   -1.5504    0.9522    0.8955
  0.0404    0.2000   -1.3463    0.1106   -0.6329    1.3258
  0.6195    0.4026   -1.2178   -0.2314   -0.8587    0.9075
  1.8815   -0.5478   -0.9892    0.3166    1.7461    0.7803
 -0.1930   -0.1289    0.4403    0.1012   -0.5561   -0.5795
  3.9139    2.6573    1.0456   -1.1618   -0.0243    0.1220
  1.9553    0.8312   -1.1743   -1.2113    0.9170    1.3441
 -3.9315   -1.5485   -1.1226   -0.5083   -0.5015   -0.7023
  3.3087    1.6828   -1.2949    0.3391   -0.2513    1.6054
  5.4876    2.1623   -1.6927    0.6496    1.6728    0.8911
 -1.2160   -1.1294   -0.7015    0.5382   -1.3644    0.4550
  1.8840    0.0021    0.3865    0.7443   -0.3351    1.0562
  4.0535   -0.3846    0.2787    1.0637    1.2946    1.2655
  1.1488   -1.9523    0.6184    1.9920    0.4811   -0.0775
 -1.3486   -0.5392   -0.8271   -0.6857   -0.2520    0.1533
  1.9521    0.3111   -1.5202    0.9118    1.0112   -0.7509
  1.4503   -0.5298    0.3550    1.5150    0.2788   -0.2357
  4.5498   -0.4324    0.2483    0.7235    2.6114    0.4595
  0.1715    0.2179    0.1262    0.4594    0.2879   -0.9381
  0.4121    0.1756   -1.0666    0.1454    1.0956   -0.6216
 -1.9135   -0.9955   -1.6842    1.3318    0.2689   -1.6182
  1.6199    0.7478    1.2845    0.8679   -0.8627   -1.9517
  0.5971    1.3317   -0.7623   -1.7823   -1.1018    1.0265
  1.0770    0.6712   -1.1748    0.0278    0.3696   -0.7158
 -2.6982   -0.1881    0.3663    0.0946   -1.5945   -2.0025
  1.3805    0.3410    0.3890   -0.5453   -0.8761    0.9340
 -0.0243   -1.3656   -0.2960    0.8639   -0.5136    1.0692
  3.0550    1.8917    0.0006    0.1877   -0.6898    0.4826
 -1.8664   -0.5672   -0.6499   -0.9808    0.8315   -0.5419
 -4.4531   -0.0462   -1.7739   -0.8919   -1.4224   -0.4256
  0.7336   -1.3088   -0.2855   -0.0188    1.1291    0.6012
  1.6569    1.2912    0.8609   -0.9644   -1.3113   -0.1591
  1.1891    0.5814   -0.5494   -0.0197   -0.4958    0.3180
 -1.0034   -0.7593   -0.8086   -0.5051   -0.0704    0.7294
  5.5187    2.4299    0.9031    0.1723   -0.2967    0.3256
 -1.6512   -0.9918   -0.8889   -0.5885   -1.8116    1.6839
  4.3414    1.8281   -0.9589    0.1155    1.3034    0.3767
 -2.1245    0.2807   -0.7114   -1.0917   -0.2289   -1.3615
  3.3882    1.2117   -1.7512    1.4805    0.7879   -0.1076
  2.3104    0.8567   -0.3232    0.7625    0.3683   -0.6906
  3.5688   -0.4204    2.2757    1.6431   -0.5414   -0.0506
  0.6858    0.4766   -0.0075    0.5848   -0.7191   -0.8931
  2.9087    0.3172    0.6453    0.3076    0.3484   -0.0053
 -0.6577   -0.9250    0.2134   -0.3455   -0.5004    0.2197
  2.1091   -1.4848    1.9505   -0.2623    0.7244    0.6535
  4.3025    0.3783    1.3633    0.8013    0.5774   -0.2294
 -2.1468   -0.8028   -0.2752   -0.0814   -1.3315   -0.2585
  0.9019    0.5859   -0.3369    0.4586   -1.9660    0.4098
  2.8316   -0.4703    0.4803   -0.0636    0.7048    1.5970
  1.2813   -0.2390   -0.4535    1.5763   -0.2063    0.0520
  3.5687    0.3835   -0.4555   -0.0450    0.3787    1.7233
  1.5795    0.9813    0.8427   -0.9317   -0.3180   -0.5067
 -4.3209   -1.6529   -1.1938   -2.1545   -0.6078    1.2054
  2.3758   -0.5918    0.9300    0.7491   -1.1953    1.7643
  1.8436    0.3207   -0.7355   -0.2714   -0.7234    1.2571
  2.7506    1.7409   -0.9667    0.6137   -0.0695    0.0777
  1.2406    1.2074   -1.0795   -2.1182    1.1039    0.1558
 -2.3573    0.1902   -1.2161   -2.8182    1.4732   -0.3328
  0.9838    0.1943    0.4929    0.4960   -0.9305   -0.1555
  0.0970   -0.0658   -0.1972   -1.2481   -0.4713    1.6248
  2.3606    0.7613    0.8527    0.4427   -1.4546    0.3452
 -2.0350   -0.0600   -0.0165   -1.7549    0.5985   -1.0198
 -2.3185   -1.0034   -1.2276   -0.3639   -0.3519    0.5026
  1.3194   -0.5418   -0.3012    0.4547    1.1511    0.2477
  1.2304   -0.0965    1.3759   -1.3155    0.3984    0.1420
  0.6174   -2.6798   -0.1643    2.3999    0.3260   -0.0472
 -1.4889   -1.3624   -0.6031   -0.8079   -0.2286    0.8192
  1.8583   -0.5109    0.6840    2.3542   -1.2723    0.5935
 -0.7349    0.1633    0.5803   -3.2744    1.5906   -0.6379
  3.3811   -1.3130    1.6611    1.8868    0.2815   -0.0577
  1.0107   -1.4592   -0.2704    0.2889    1.4805    0.2000
  1.1954    1.5797   -0.0533   -0.0265   -0.7366   -0.6105
  0.4601   -0.6107   -0.5333    1.1811    0.6776   -0.6328
 -0.7847   -1.9593   -1.9081    1.3892    0.4989    0.4903
  2.6075    1.5515    1.1370   -0.4891   -0.4278   -0.8936
  4.3154    0.0660    1.7466   -0.9443    2.0294    1.1933
  3.2267    0.4602    0.6381   -0.8433   -1.1480    2.8506
  1.1836    0.0895   -0.0151    0.1829    1.0572   -0.8040
 -0.8346   -0.0394   -0.9759   -1.1077    0.4254    0.3855
  2.3411    0.4964   -0.5834   -0.6605   -0.5659    2.0308
 -1.8294   -0.8649    0.1994    0.8140   -1.4563   -0.7581
  0.5577    1.0598   -0.3998   -1.2526    0.8427   -0.8696
 -2.8850   -0.5365   -0.5837   -0.8760   -2.0013    0.2829
 -2.3686   -1.1517   -0.0297   -1.6377    0.2618   -0.5781
  3.0536    0.1606    1.6739   -0.3269   -0.0293    0.6408
  0.6155   -0.1679    1.1143   -0.2070    0.8053   -1.0371
  3.5356    1.1615    1.7313    0.2833   -0.0106   -0.8121
 -2.5798   -1.3345    0.0878   -0.2721   -1.0592   -0.1009
  2.7619   -0.6557   -0.0566    0.9485    0.1201    1.9158
  4.5539    0.5635    1.6966    0.9424   -0.9804    1.1386
  4.3883    0.5316    0.8128   -1.0354    1.3606    0.8228
  3.0089    0.4797   -1.0274    0.3447   -0.1432    2.2560
 -1.0685   -0.5816    1.5175   -1.5474   -0.8084    0.3073
 -0.1440   -0.5392   -0.0386   -0.1408    0.3176   -0.3002
  3.4254    0.9810    0.2750   -0.1029    0.0007    0.4990
  1.8213    1.1259    1.1532   -0.2338   -1.1731   -0.3629
  1.3310    1.7177   -2.5293    0.2853    0.7902   -0.1119
  3.4040    0.6706   -0.5823   -0.2975    1.7510    0.5233
 -0.8367   -1.1508   -1.9140    0.7842    0.4496    0.7842
  1.4651   -0.3158    0.2976   -0.0526    1.3348   -0.3091
 -0.9548    0.1947   -0.6504   -0.8028   -0.5652   -0.0375
  1.5890    0.9147   -0.8865   -0.1172   -1.5088    1.5578
  0.3955   -0.5663   -0.6604    0.2417    0.8503    0.4286
 -0.5797    0.2515   -0.7537    0.7724   -0.7497   -0.4910
 -1.3357   -0.7471   -0.9254   -0.5532    0.8262    0.0092
  0.9750   -0.0181    1.3761   -1.4684   -0.0580    0.6421
  4.2333   -0.4114    2.1600    1.3881    0.1999    0.4649
 -0.1219    0.3323   -0.0221   -1.6863    0.6598   -1.4032
  2.9393   -1.5740    0.7300    0.8412   -0.6347    2.7651
 -0.5498   -0.6701   -0.1513   -1.0299    0.8843   -0.0684
  7.8408    0.5242    1.6059    0.5673    2.4042    0.8446
  1.4327    0.1203    1.5208   -1.5250    0.1688    1.0102
 -1.9151   -0.8159   -0.9886    0.0146   -0.1765   -0.3388
 -0.3440    0.2296    1.4483   -1.1610   -0.4681   -1.3201
 -0.5095    0.2138    0.4183   -0.3271   -0.9253   -0.8068
 -0.3596    0.2212    1.0061    0.0711   -2.6703    0.2988
  1.4868    0.2860    1.1501   -0.1390    0.1039   -0.5325
  4.1593    0.9074    0.3021   -0.5637    0.6511    1.5191
  2.0257   -0.2472    0.4802    1.0895   -0.0260   -0.2067
  1.2537   -0.2622   -0.0719    0.0972    0.3520    1.0139
 -2.1280   -1.0798    0.5095    0.2054   -1.8376   -0.6561
 -0.5027    0.6341   -0.7870    0.4780   -1.5631   -0.9112
 -3.5900   -1.3032   -1.1283   -1.8374    0.3863   -0.5406
 -2.7020   -1.3157   -0.0869    0.2186   -2.0450    0.1287
  3.7174    1.6409   -0.5704    0.0598    1.1644   -0.3271
  2.9309   -0.0301   -0.0407    0.9626    0.6523    0.5515
  1.7557    0.0242    0.3730    0.4526   -0.0603    0.6437
 -2.6311   -0.7529    0.6189   -1.2507   -1.2102   -0.5884
 -0.6762    0.0639   -1.2426   -0.1281    0.2102   -0.5587
  1.2785    0.4348    0.1213   -0.4206   -0.0815   -0.3249
  2.9313    1.3791   -0.2166    0.5798   -0.1456    0.0041
  0.9666    0.6150   -1.0907   -0.3675   -0.2899    0.4803
  0.2371    0.1327    0.2472   -0.0921   -0.3810   -0.0303
  0.9524   -0.0062    0.7895   -0.6894    0.5659   -0.4639
  2.8053    1.1833    1.2585    0.0611   -0.4483   -0.6633
  2.8847    0.4946    1.8620    0.1939    0.6557   -1.8138
  3.3715    0.5353   -0.1311    0.6713    0.6015   -0.0002
  1.6335   -0.4920    0.7459   -0.0483    1.1008   -0.6457
  0.0071   -0.7619    0.3663   -0.5288    0.4878    0.1159
  4.8117   -0.3902    0.8962    0.8899    1.7698    0.8082
  2.7003   -0.0431    0.3220    1.7815   -0.0264   -0.0727
 -2.3691   -3.1070    0.7497    0.3606    0.9562   -2.2829
  2.0623    0.9748    0.8695   -0.1018   -1.3598    0.6477
  2.8597    1.9098    0.8076    1.3361   -0.0969   -2.4537
 -1.4421   -0.2799    1.0545   -0.7215   -1.5370   -0.6208
  0.0670    0.6361    0.5359   -0.8404   -0.0757   -1.4704
  1.7753   -0.1913    0.4684   -0.2645    0.1966    1.3356
  1.3439    0.9092    0.6247   -2.0952    0.4097   -0.2156
  3.9926    1.0162    1.0086    0.3831   -0.1242    0.0844
  6.1743    0.4754    0.0777    0.2555    2.1984    1.5767
  1.1198    0.4085   -0.3842   -1.4511    0.0113    0.8749
  2.2301    1.4515   -1.4872   -0.3795    0.5788    1.0190
 -0.0895   -1.2572   -1.0510    0.8053    1.0262    0.0384
  1.9723   -0.3898    0.2208   -0.3326    1.4749    0.5477
  1.7552    0.2925    1.5524    0.7033   -1.1493    0.1155
  4.5846    1.6914    1.2852   -0.7024   -0.6272    1.2225
  1.1285    0.4013    0.5948    0.3035   -1.2640   -0.7633
  2.4578    1.0785   -0.5500    0.0781   -1.4871    2.0568
  5.9329    1.5601    1.3865   -0.1988    1.0437    0.4103
 -1.6919   -0.1865   -2.4118    0.3443   -0.1048    0.5291
  0.0214   -1.1163    0.3213   -0.0459    0.2233   -0.1978
  0.4975   -0.0319    0.4888   -1.4458    0.5295    0.8183
  7.1974    2.0604    0.0345    0.3265    3.0624    0.1255
  4.8394    0.9058    0.1077    0.1442    1.2120    1.1036
  3.4513    0.6136    0.3967   -0.0230    0.7631   -0.1058
  3.5819    1.6644    0.6494    0.1548   -0.0010   -0.3894
  3.5297    1.5954   -0.4352    0.7894    0.5281   -0.4376
  2.3290    1.0244    0.4583   -1.6312   -0.1864    0.7868
  4.3611   -0.0811    1.9237    1.3884    1.3755   -0.5986
  5.2174    1.4141    0.8397    0.5500    0.7350    0.2291
 -1.2962    0.1665   -0.4841   -0.6983    0.3429   -1.5867
  1.2825   -0.4300    0.9967    1.9054    0.0661   -1.2980
 -2.2256   -3.7989    0.1475   -0.1661    0.5174    0.1015
 -0.3684   -0.6991    1.0048   -0.3478    0.0589   -0.5744
 -0.9548   -0.3573   -0.7725    0.1322   -1.0160    0.3918
 -5.3134   -2.6211   -1.5782   -1.1087    0.0488   -0.6406
 -0.4974    0.1658   -0.5073    0.1400   -2.4766    1.5056
  0.7647   -0.7117   -1.1204    1.4543   -0.2945    1.0761
  2.4720    0.6290   -0.4310   -0.7827   -0.4964    1.9329
  3.5465    1.6094   -0.0632   -1.5472    0.5763    1.1601
  3.2459    0.7202    2.5150   -1.5596   -0.7717    1.3228
  1.7202   -0.1932    0.1893   -0.4322    0.2096    1.8629
 -2.5432   -1.7388   -0.6660    0.2025   -0.6755   -0.6403
  0.5180   -1.2691    0.3689   -1.5462    0.0847    2.2284
  0.6323   -1.0981   -0.1792    0.9787    0.3608    0.3388
  3.0484    1.6865    0.8589   -1.9238   -0.4799    1.5032
  1.3581   -0.8278    1.5757    1.7688   -1.5299    0.2492
  2.8299   -0.1404    1.7888   -0.0189    1.3484   -0.4164
 -4.0419   -0.2376   -0.4968   -3.1033    0.2721   -0.7342
  2.1613    0.8926    0.9342    0.0040   -0.8757   -0.1255
  1.5409    0.3225    0.8670   -0.0253   -0.1219   -0.6536
  0.3537   -1.4926    0.5017    0.3278    0.8154   -0.1466
  0.9295    1.3144    0.5547   -1.6549   -0.8893    0.4828
 -1.8900   -1.6938   -1.7499    0.3299   -0.4291    0.7687
  1.6951    1.0614   -1.0930   -1.3057    0.2875    1.6506
  0.6797   -0.3158   -0.4905    1.3203   -0.6645   -0.0998
 -1.0847   -0.3557   -1.8559    0.3554    1.8067   -1.4343
 -0.2022   -0.4617    0.0435    0.0513   -0.6860    0.8033
  2.6510    1.6071   -0.5772    0.0814    0.1736    0.0237
 -1.2560    1.1797   -1.1960   -1.5469   -0.1897   -1.2390
 -4.6252   -0.5108   -0.6488   -1.3716   -1.9162   -0.9724
  1.1928   -0.2192   -1.4011    1.0775    0.6056    0.5851
 -2.1328   -1.5439   -0.6039    0.0674    0.4015   -1.1401
  1.3051   -0.5134   -0.0930    0.7937    0.6088   -0.3847
 -1.0479    0.8488    0.6038   -1.5361   -1.5717   -0.4474
  1.0856    0.3000    1.1238   -0.0639   -0.3774   -1.2006
 -1.5811   -0.8018    0.4739   -0.1540    1.4035   -2.5490
  0.6013    0.5081   -0.1705   -1.3067    0.5255   -0.1506
 -0.7587   -1.4798    0.5726   -0.8824    0.1630    0.1477
  0.1466    0.3098    0.4826    0.1770   -2.1826   -0.3619
  3.1437   -0.2803    0.8243    0.6865    1.1281   -0.0926
  0.1239   -1.6810    0.2175   -1.9998   -0.2300    3.2348
 -0.7984   -1.1359   -0.7804    0.8108    0.5020   -0.2657
  3.1992    0.3611    0.0343   -0.3604    0.3739    0.8675
  1.8298   -0.3846    0.0560   -0.4873    0.4082    1.4372
  0.6151    0.3552   -1.5418    0.2912   -0.5213    0.7459
  1.0216    0.8354    0.2846   -0.3619   -0.4583   -0.8218
  5.8957    0.8769    0.5011    0.3350    0.5861    1.6118
  3.2423    0.5463    0.2745   -0.3516    0.9173    0.1401
 -1.3475    0.0667   -0.8732   -0.2980   -0.0458   -1.0361
  5.1150    1.0558    2.3775    0.0971   -0.3020    0.4533
 -2.1572   -1.2487   -1.4974    0.0924    0.4240   -0.3981
 -0.7584   -1.4285    0.2323    0.2167   -0.5607    0.2210
  0.7612    1.0023   -0.6666   -0.5614    0.6374   -0.9196
  2.0903    0.2977   -0.0130   -0.6575    0.8562    0.8577
 -4.4811   -1.0787   -2.1470    0.4820   -0.2167   -2.0246
  1.6529   -0.0549    1.1822    0.1153   -0.6863    0.4498
  5.6540    1.2909    1.7559    0.6657    0.2663    0.3676
 -2.5079   -0.6974   -0.0448    0.7882   -0.1219   -2.5706
  1.6706    0.3270    0.6777   -0.8539   -0.5605    0.6048
 -2.5307   -1.3008   -0.1969   -1.3168   -0.9949    0.9163
  2.4953    0.0017    1.0869    1.7155    0.3611   -1.4581
 -0.5229   -0.5719    0.7859   -0.2462   -1.3552    0.0842
  0.1436   -0.8005   -0.7067   -2.0555    2.4464    0.5914
 -1.8666   -0.5672   -0.4878    0.2884   -1.2374    0.0040
  1.2955   -0.3034    1.9630    0.1455   -0.0215   -0.5095
 -4.4046   -0.9964    0.8615   -1.2237   -1.3519   -2.2540
 -1.5605   -0.2921    0.8532   -1.7483   -0.9030    0.2288
 -1.3285   -0.5939   -0.1060    0.0957   -2.0804    0.4167
  0.6039   -0.8534    1.4198   -0.9812    0.7702   -0.7324
  2.5531   -2.4020    2.2926    1.4148    1.5732   -0.6121
 -1.4959    0.7706   -2.5484   -0.3837   -0.1790   -0.9563
 -0.0185   -1.5226    0.8490    0.0517    0.0212   -0.3139
  0.7678   -0.8459   -0.1215    0.7801   -0.1382    0.4957
  1.1635    0.3894    0.2806   -0.5547   -0.9758    0.1400
  0.3272   -0.4895    0.6329   -0.4392    0.2226   -0.5434
  1.8207    0.2093    0.0640    0.4057   -0.2499    0.8425
  0.1211   -0.8099    1.3727   -2.1884    1.1669   -0.1486
 -2.0293   -0.6967   -0.5110    0.0759   -0.2979   -1.1764
 -6.1598   -1.6603   -1.3251    0.0018   -2.5146   -0.6874
  3.6056    0.7216    0.1672    1.1569   -0.1906    0.3040
  0.9037    1.3094   -2.0383   -0.4927    0.0679    0.4110
 -1.1902   -1.2559   -1.5994   -0.1392    0.8473    0.4358
 -0.2043    0.3058   -1.3892   -0.3600    0.4579   -0.5911
 -3.1620   -0.1890   -0.6455   -2.1977   -2.0521    0.9852
  3.9969    1.0562    0.9012    0.2200    0.8822   -0.8922
 -1.2324    1.2791   -1.0858   -0.6030   -0.8097   -1.8620
 -1.2358   -0.7969   -0.9280    0.8421   -0.9765    0.2509
  0.6841    0.8557    0.9126   -1.6235   -1.0371   -0.0169
  2.4135   -0.8298    1.0008    0.0182    1.2328    0.1188
  0.9672    0.9281   -1.0194    0.4361   -0.9458   -0.3653
  0.5458   -0.6929    1.0338   -1.2123    0.7666   -0.0178
 -2.0857    0.1884    0.6555   -0.4168   -2.5266   -0.1929
 -1.2671   -1.2276    0.0706    1.3204   -1.5242   -0.5602
 -2.3346   -1.5684   -1.4822    1.0008   -1.3045    0.9477
 -4.2824   -2.4280   -1.3328   -1.0002   -0.1165    0.1883
 -2.5424   -1.1658   -1.3729   -0.1608   -1.1755    0.6657
  3.3021    0.1879    0.8419   -0.4059    1.5941    0.1504
  1.0811    0.0961   -0.5522    0.9802    0.3795   -0.6335
  3.0681    1.4178    0.4743    0.7057    0.3889   -1.4031
  3.0362    0.4202   -0.6006    0.6068   -0.0530    0.9060
  2.3495    1.0377   -0.6981    0.8385    0.2400   -0.4856
  3.5800    0.3636   -0.8567    1.4243   -1.1810    1.8580
 -0.7622   -1.5947   -1.1299    1.3504    1.4192   -1.7951
  0.0118   -0.0718    0.7733    0.8714   -1.3243   -1.1010
 -0.5624   -1.5433   -0.2888    1.8124   -0.1581   -0.7735
 -0.8653   -1.1173    0.9929   -0.3222    0.1097   -0.9831
  0.7887    0.8162   -0.6235    0.2821   -1.1256    0.1927
  2.7716    0.5067    0.0934    1.3865   -1.7243    0.7248
  4.3075    0.9291   -0.0776   -0.7456    0.2223    2.0965
 -3.1540    0.0208   -1.3302   -0.5659   -0.2265   -1.9660
 -0.4551   -0.5394   -0.3754   -0.6672    0.7667   -0.1981
  3.5189    0.4037   -0.8373   -0.6008    1.1124    1.8421
 -0.1983    0.3578    0.7630   -0.0276   -0.8349   -1.6056
 -0.4181   -1.6693    0.3456   -1.2294    2.0966   -0.8614
 -3.0726   -0.0798   -0.8708   -1.1073   -0.2416   -1.2235
  4.5736    0.7377   -0.0404    1.6012    0.2475    0.8219
  5.5262    1.5352    0.4187    0.2806    1.0776    0.3143
  2.7646    1.2677   -1.0231    0.1593    1.4219   -0.8237
  4.2513    1.9951    0.2321    1.4793   -1.2084   -0.1294
  0.9170    0.2236   -0.1289   -0.4663    0.0442    0.9594
 -2.9240   -1.3153    0.0072   -1.9062   -1.5137    1.1308
  0.5424    0.1815   -0.3441   -1.9505    1.5954    0.3957
 -2.0356   -1.2785   -0.3710   -1.0189   -0.3551    0.8651
  2.1534   -1.5095   -1.5788    1.8596    1.6454    1.3294
  1.8678   -0.0352    1.1247   -0.4357   -0.0132    0.9519
 -1.8138   -0.0175   -1.0590    1.0866   -1.5080   -1.0326
  0.1107   -0.0995    0.7079   -1.1242    0.1867    0.1565
 -0.9741    0.5688   -2.1251    0.6619   -2.8569    0.8811
  0.9470    0.5492   -0.8484   -0.5878    0.2794   -0.2719
 -3.2457    0.1328   -2.0174   -0.3808   -0.2849   -1.0854
 -0.6817   -1.2299    1.6963   -1.6865    1.0393   -0.9989
  3.1698    1.6455    0.7223    0.1635   -1.7725    0.7162
  1.5087    0.9390   -1.5747   -0.1217    0.0588    0.3730
 -0.1618   -1.1496   -1.0746    0.8648    0.6734   -0.0854
  4.3123    2.6229   -0.7138    0.9783   -0.9217    0.7719
  3.5119    2.3756    0.9902   -1.7653   -0.6649    1.2503
  0.0101    0.0564   -0.0926    1.8050   -0.2516   -1.9635
  1.8906   -0.5879    0.7506   -0.3234    0.5565    0.7809
  0.3669   -0.9830    0.4124    0.1226   -0.3929    0.3235
 -0.3597   -1.3790    0.2870   -0.1140   -1.0395    1.1649
 -0.6365   -0.0870    0.1414    0.0434    0.0849   -0.8379
  0.2337   -0.7607    0.2359   -0.5434   -0.3253    0.9525
  1.1150   -0.8745   -0.0095    0.2023   -1.1176    2.4758
  1.4622   -0.4685    0.1101    1.3767   -0.1021    0.1083
  1.0992   -0.3767    0.8524    0.2816   -0.0811    0.3060
  2.2043   -1.6317    1.4399   -0.2879    0.3615    1.5078
  0.3810   -0.8433    0.4443   -0.1022   -0.0228    0.5803
  3.1774    2.0772   -1.0412    1.6307   -0.1170   -0.6186
  5.8967    1.8603   -0.4481   -0.3723    3.7476   -0.2336
  2.3665   -0.0755    0.4836    0.0152    1.0532    0.5142
 -2.4702   -2.5102    0.4205    1.1483   -0.8520   -1.2233
 -0.1275   -2.1873    0.9524    0.6402    0.9777   -1.0724
  4.0094    0.5252   -0.0954    1.5200    0.1331    0.5306
 -3.5881   -0.8524   -0.0674   -1.6883   -1.3304   -0.0479
 -0.8283   -0.3110    0.2283    0.5265   -0.4915   -1.2960
  3.9453    1.6036    1.2402    0.8825   -0.2278   -1.2107
  5.2880    0.6590    0.9708   -0.0967    0.8826    0.9214
  1.2544    0.6732    0.7258   -0.5626   -0.6273   -0.6771
 -1.4389   -0.7697   -0.6203   -1.2278    1.0315   -0.2526
  0.6264    1.0570   -1.2720   -0.0979   -0.5423   -0.3502
 -0.4430    0.2261   -0.8643    0.5407    0.0014   -0.4811
  1.5185    0.5711   -0.3392    0.7823   -0.5193   -0.0368
  0.8515   -0.5269    0.2955    0.7349   -0.0068    0.2706
  1.7244    0.5755    0.2551   -1.2835    0.3740    0.6395
  3.2938    0.9128   -0.1488    0.6532   -0.1402    0.6927
  1.5551   -0.1585    0.6730   -0.0746   -0.2519    1.0654
  4.0056    0.6686   -0.3874    0.4559    0.8794    1.3774
 -2.0697   -0.8599   -1.0569   -0.2153   -0.7486    0.2713
  0.3524    1.1602    1.7564   -1.2862   -0.2443   -2.1291
 -2.3886    0.0702   -1.3054    0.3935   -0.6320   -1.0614
  4.7100   -0.5166    2.0469    2.3374   -0.7004    0.9116
 -0.0655   -0.9860   -0.3377   -0.1125   -0.3916    0.9030
  1.8575    0.2651    0.5333    2.1187   -0.4460   -1.5878
  0.1107    0.0494   -0.5303   -1.3253    0.9507    0.3953
  3.7427    0.4624   -1.3711    0.7100    0.7245    1.2201
 -0.3717   -0.4575    0.1332   -0.1230    0.2288   -0.7067
  4.9023    0.3642    0.1739    0.8946    0.7118    1.2423
  3.1076    1.2451   -0.2182    0.3788    0.7217   -0.3505
 -0.4889    1.0969    0.6628   -0.8658   -0.3588   -2.4540
  1.2047   -1.3231    0.1290   -0.4470    1.2358    1.1183
 -0.3487    0.5071   -1.0817   -0.5127   -0.3670    0.0344
  1.7084    1.2127    0.3432   -1.0449   -0.0693   -0.6211
  0.7914   -0.8402   -0.1389    1.0900    1.1096   -0.4937
 -2.0047    0.0038    0.4725   -1.5705   -1.1458   -0.2009
 -0.3420    0.2494   -0.2710    0.1159    0.5972   -1.8602
  0.1714   -0.7423    0.3758   -0.3885   -0.3535    0.8854
 -1.5984   -0.1770   -0.4367   -0.2096   -1.4849    0.0962
  3.2455    0.6152   -0.1180   -1.9805    2.2907    0.6194
  0.5792   -0.1471   -1.2533    0.3948    0.1489    0.5497
  1.4388   -0.2811    0.6101    0.2697   -0.7585    0.6675
 -4.3495   -2.0141    1.3318   -0.7666   -1.5424   -1.5490
 -0.1154   -0.2050   -0.3239    0.2281    0.1044   -0.1776
  1.4814    0.0798   -0.6018   -0.5260    1.5154    0.1160
  1.3948    0.2016   -0.9988    0.4866    0.7390    0.3730
  2.1134    0.3631   -0.7644   -0.1543   -1.1786    2.3438
 -1.8217   -0.0424   -1.7220   -1.2971    0.3183    0.3087
 -0.4095   -0.0858   -0.0964    0.3914   -0.8104   -0.6277
 -1.0644   -0.9064   -1.7173    0.5734    0.4596   -0.0056
 -0.7168   -2.1938    1.3311   -0.7915   -0.2635    0.9989
  1.3057   -2.1364    0.7913    0.4912    1.0293    0.6764
 -0.5531    0.1105   -1.0318   -0.0570   -0.0351    0.0325
  2.9126   -0.9738    1.5966    0.6661    0.5244    0.1333
 -1.3695    0.2510   -0.8720    0.0753   -1.4265   -0.0173
  0.2327   -1.0709   -0.5198    0.4113    1.1584   -0.4417
  2.9857    1.1759    0.0680    0.7230    0.4717   -1.1731
  0.9518   -0.1274   -0.0842    1.5656   -0.6865   -0.0626
 -0.1180   -1.0516   -0.8398    0.7186    0.7644   -0.2266
 -2.6781   -1.3927   -0.4102   -0.1126   -0.9605   -0.3589
  0.7548   -0.4471    0.1127    1.4339    0.5229   -1.0241
 -1.7959   -0.8538   -0.1121   -0.2182   -0.5608   -0.6131
  4.1363    0.5639    0.9074    1.3464   -0.2939   -0.0822
  0.4080    0.5187   -0.9729   -2.2193   -1.3033    2.9584
  4.1894   -0.9064    1.0339    1.5904    0.6709    0.9643
  6.1372    1.9403    0.8746   -0.1160    0.7381    0.9687
 -1.6353   -1.9127    1.2467   -1.4958    0.0709    0.0955
 -1.2293   -0.5312   -0.7170   -0.7015    0.1892    0.0770
 -3.4111   -1.5941   -1.6418   -0.1666   -0.2996   -0.0954
  3.2338    2.7051   -1.1028    0.1163    0.2794   -0.5397
 -3.2751   -1.9485    0.9562   -0.7145   -0.8871   -1.4155
 -0.3045   -1.2053   -0.1602    0.7573   -1.2491    1.1225
  1.2172   -0.9901    0.9199   -0.0765    1.1340   -0.4639
 -0.8855    0.4960   -0.8754   -0.6739   -0.4803   -1.2971
  3.1058    0.6530   -0.4422    0.1495    0.9458    0.0155
  3.9323    2.1245    0.2619   -1.0242    0.7686    0.0959
 -1.5917    0.1759    0.8523   -1.6968   -0.0739   -0.9586
  6.7850    0.7739    2.0753    0.8340    1.4630    0.2488
 -4.1372   -0.6157   -0.7111   -1.6435    0.1408   -1.8986
 -1.2923   -0.5766   -0.2023    0.1504   -0.3699   -0.7533
  1.0422   -1.7122    1.0072    0.8699    0.5298    0.2972
  3.9151    0.5381   -0.6681    0.5801    1.1334    1.1030
  2.0436    0.7760    1.4028   -1.0721   -0.8153   -0.0820
 -0.8968   -1.4507   -0.4321   -0.7938    0.2394    1.5248
 -1.7356    0.2760   -1.3634   -0.0168   -1.3843   -0.1109
  0.5953    0.1540    1.6657    0.0932   -0.7862   -0.6095
 -0.7844   -1.7348    0.5888   -0.2174   -0.4341    0.3440
  1.2902    0.2104    1.0095    1.0766   -1.4783   -0.0283
  0.9884    0.4791   -0.4297   -1.7408    0.9174    0.5444
 -5.4386   -1.6680    0.3536   -1.6697   -1.8975   -1.1286
  0.2955    0.3977   -1.4046    0.0617    0.2783   -0.1598
 -4.3354   -0.5240   -0.3927   -2.0010   -1.5541   -0.5348
 -0.2943   -0.9240   -1.5730    0.9231    0.8869   -0.2069
 -0.4191    0.8699   -1.3400    0.2692   -0.1165   -1.1577
  2.1927   -0.3840    0.4674    0.6515    1.1312    0.2703
 -0.6411   -1.0525    0.6240    0.6034   -0.9243   -0.0442
  0.3471   -1.0332    1.0869   -1.2855    1.4175    0.1417
  2.5275    2.3654    0.4373   -0.0198   -0.4256   -1.2650
  0.9642   -1.3895    1.6157   -0.7221    0.8983   -0.2704
  7.5588    2.6186    2.0374    0.8417    1.0087   -0.5650
  2.8602    0.4975   -0.0154   -1.4157    0.4234    1.8503
  0.8973   -0.9843    0.0424   -0.5565    0.7303    0.8016
  6.3807    0.6685    1.5314    2.1651   -0.0913    1.0093
  3.2307    0.8224    0.4459   -0.4178    0.7668   -0.2946
 -1.5470   -0.9962   -0.0689    0.3136   -1.4696    0.5661
  0.2601    0.6437    0.2985   -1.7744   -0.5360    0.1112
 -2.9069   -0.0143   -2.4617    0.2025    0.2310   -1.0075
  6.3408    0.4064    1.9378   -1.3577    2.4859    1.3090
 -0.8493    0.1905    0.8237    0.2671   -1.5595   -0.5756
 -0.1741   -0.6199   -0.8099    0.5456    2.0752   -2.1317
 -0.5389   -1.7681    0.4344    0.5102   -0.0212   -0.5428
  2.6682    0.3564    0.1171   -0.6383    0.8926    0.0237
  3.6500    0.1296    1.5657    0.8580    0.1351   -0.0254
 -0.1175   -0.8774    0.5253   -0.2748    1.6866   -1.6822
  0.9948   -0.0511    1.5186   -0.4350   -0.2764   -0.0328
  0.5877   -0.4075   -0.6581    0.6262   -0.0403    0.9667
 -0.1107   -0.7337   -0.5819    1.6316   -0.1613   -0.7732
  2.2491    1.0707    0.2349   -1.0753    0.5782   -0.1451
  0.2164    0.0408   -0.0988    0.1616   -0.8870    0.2369
 -1.6831    0.3074   -0.1352   -0.8109    0.2608   -2.3882
  1.5467    0.3165   -1.8865   -0.1498   -0.8817    2.4866
  0.7095    1.6021   -1.4890   -0.8596   -0.4027    0.3418
 -0.2884    0.3201    0.1483   -1.8247   -0.1462    0.0430
  3.6395    1.4165    0.9539   -1.2157    0.4051    0.1412
  7.2570    1.8237    2.2932    0.6032    0.2785    0.6679
 -1.5328   -0.0300   -0.1452   -2.4618    1.4474   -0.7838
  1.2390    1.5283    0.0720   -0.8081   -0.5840   -0.9113
  1.5673    0.6054    0.7140   -0.3635   -0.8092   -0.2353
  2.1313    0.2172    1.2446    0.0172   -0.1588    0.3593
 -3.0472   -0.9557    0.4961   -1.1904   -0.7025   -1.5344
  5.7210    1.8108    0.5580    0.7386    0.1027    0.9782
  0.1995    0.7975   -1.9399    1.1498   -0.8891   -0.4727
  0.3820    0.3173    2.4346   -0.8017   -2.3104   -0.9378
  0.8797    1.2181    0.3470   -0.2350   -0.9722   -0.8454
  3.1067    0.6653   -0.9756    0.7747   -0.0190    1.4221
  1.1237   -0.8173    0.4654    0.0353    1.3389   -0.4777
  2.4111    0.5903   -0.0999   -0.4510    0.0177    0.4871
  0.1501    0.3441   -0.2805    0.8582   -0.7127   -1.4658
  1.6342    0.4855    0.4136   -0.6212    0.9245   -0.6807
  2.6760    0.4188    0.2967    0.0337    0.3027    0.1802
  2.4903   -0.5834    1.1556   -1.6492    3.0038    0.2633
  0.7606    1.1115   -0.9784   -1.8359   -0.5397    1.6016
 -1.3666    1.1986   -1.1571   -0.7868   -0.9813   -1.4734
 -2.2045   -1.3961   -0.0548   -0.3399   -1.9700    1.1526
  0.8887    0.1904    1.1387    0.3276   -0.7966   -0.3615
  3.7076    0.7463    0.7722    0.9652    0.7554   -0.8919
  0.2959    1.6802    0.0724   -0.5910   -0.3459   -1.6601
  1.8327    0.7301    1.8961   -0.5585   -1.9128    0.4176
 -3.4130   -2.0874   -1.1115   -0.1456   -0.5944    0.4390
  6.1287    1.0054    0.0509    0.9031    1.3917    1.3482
  1.6933    0.3538   -0.6327   -0.3715    0.6127    0.4738
  2.2245    1.3004   -1.1076    0.5205    0.5182   -0.3046
  2.3877   -0.0347   -0.2473    0.5188    1.4305    0.2955
 -0.0139   -0.3601    0.0603   -0.1462    1.1059   -0.7930
  4.8889   -0.9973    2.0264   -0.0513    1.8565    1.5595
  1.9624   -0.6554   -0.3322   -0.4960    0.1007    2.6388
 -4.0737   -1.2973    0.6760   -1.9706   -0.4067   -1.3186
 -1.6676   -1.3592   -0.8062   -2.0310    0.5989    1.1449
  1.4452   -0.7664    0.0049    1.8353   -0.1519    0.4493
  2.4493   -0.0956    0.8783    0.5561   -0.4468    1.1635
 -0.6812   -0.6179   -0.9020    0.4823    1.4384   -1.0853
  2.7914    0.7010    0.0171   -0.0656   -1.0357    1.9539
  2.2647    1.0657   -0.3684   -0.9279    1.2568    0.2372
  0.0335   -0.7192   -0.3526    0.9126   -0.1666    0.1700
 -0.3116   -1.2771    0.3086    0.2362    0.0819    0.1963
 -0.7518   -1.0019    0.3290   -1.0792    0.9856   -0.2533
 -1.2887   -0.1039   -0.7882    0.9723   -1.9474    0.4035
  2.2503    1.3696   -0.9734   -0.1884   -1.1429    2.0468
 -0.2675   -0.1336   -0.0215    0.0760    0.2679   -1.0552
 -1.5459   -0.5205    0.3382   -0.2892   -0.5380   -1.4374
  2.9537    0.5595    0.0162   -1.5911    0.9256    1.1041
 -3.2009   -1.3772   -0.7305    0.3912   -0.3494   -1.3561
  3.8560    1.6574    0.1547    1.2199   -1.0097    0.3510
  0.7244    0.1725    2.1211    0.4250   -0.4191   -1.9511
  3.8053    0.7730   -0.1159    1.1912   -0.1421    0.5752
  1.3294   -0.2555    1.2886    0.4080    1.1805   -1.5569
  3.6638    3.6333    1.2121   -2.0172    0.3928   -0.6255
 -0.9802   -1.0412   -1.6427   -0.3943    0.8517    0.8100
 -1.8148    0.4361   -0.3912   -0.0260   -2.0034   -1.0041
 -2.9780   -2.9671    1.4728    0.7964   -1.1841   -1.1220
  1.7841    1.9516   -0.6159    1.0302   -2.7411    0.2045
  1.1211   -1.5476    0.8514    1.0011   -0.4956    0.8812
  1.1508   -0.3085   -0.6426   -0.8829    1.4527    0.5705
  0.7364   -0.6107    0.9037    0.7758    0.3001   -1.3950
  1.3561    0.3546   -0.2635    0.2399   -0.4293    0.4470
 -4.1127   -0.8093   -0.0298   -0.1803   -3.5851   -0.1884
  5.1378    0.3628    3.4578    0.0338    0.6048   -1.0275
 -1.0424   -0.4819   -1.2781   -0.5957    0.9080   -0.2398
  3.1321   -0.7120    1.0086   -0.1763    2.8111   -0.3516
 -0.5586   -1.7432    1.2065   -0.3875    1.2398   -1.0924
 -0.9393   -0.2212   -0.5862    0.4030   -0.1364   -1.1709
  1.7594    2.0135   -2.4026   -0.2389    1.7558   -0.5963
  3.2521    0.9233    1.3954    0.3695   -1.3792    0.5723
 -0.4029    0.0935    0.0977    0.8579   -1.4502   -0.8927
 -0.3660    0.0907   -1.1061   -0.0018    0.0285   -0.2336
  0.6288    0.3909    0.1003   -1.2089    0.3802   -0.4363
 -0.9523    0.3781   -1.6745   -0.2093    0.0154   -0.7800
 -1.7143   -1.9313    0.7961    0.8920   -0.9465   -1.1331
  0.1186   -0.8401    0.2983   -0.2798   -0.9394    0.9693
  7.7840    3.4864    0.4742    1.3545    0.5624   -0.0026
  2.0851   -0.6258    1.1867    0.3907   -1.2632    1.8051
 -0.8322    0.6764   -2.2623   -0.6759   -0.2431    0.3402
 -3.0983   -1.3075   -1.1882   -0.1377   -1.6001    0.2821
  3.4946    0.1640    0.9161    0.0830    0.4258    1.4632
  3.6601    1.1760    1.0599    0.5730   -1.2318    0.1786
  0.4983   -0.5241   -0.1293   -0.6025    1.1568    0.5643
 -0.6803   -0.9027    0.3634    0.1763   -0.6703   -0.1794
  3.2282    0.3073    0.4805    1.2567    0.3363   -0.8690
 -1.3145   -0.9379    0.8731    0.2724   -1.2498   -0.4517
 -0.4563   -1.2030    0.6145    0.1269   -0.4071    0.0758
 -2.0932   -0.3781   -0.0856   -0.7915   -0.6731   -0.3526
  0.7768   -0.6455   -0.3383    0.3069    1.5467   -0.4151
  3.9572    0.7582   -0.3259    0.1280    0.1979    1.7952
 -2.9182   -0.8786   -1.3437   -0.7636   -1.1855    0.7045
  1.0251    1.4202   -1.7360    0.4143    0.2242   -0.3463
 -0.8264   -1.8316    0.6444    1.7203   -0.3224   -1.5899
  0.2087    0.0090    1.4727   -0.2723   -1.1526   -0.1229
  3.1174    0.9954   -0.8172   -0.5592    1.0411    1.2159
 -0.3670   -0.2911   -1.7099    0.4869   -0.2280    1.1321
  0.4005   -0.6197   -0.5374    0.5188    1.4482   -0.5637
 -0.5252   -1.5039    0.0017   -0.7881   -0.2552    1.0639
  0.5796   -0.5852   -1.0184    0.4115    0.7082    0.1278
  1.4775    2.0716    0.1418   -1.0962   -0.9899   -0.4686
  1.8942   -0.6513    0.4198    0.4679    0.4346    0.4950
  1.1590    0.4550   -0.0195    0.2122    0.2177   -0.8822
  2.9242   -0.7526    0.9257   -0.0478    2.3378    0.1006
  0.3069    1.3614    0.3110   -0.9690   -1.7937    0.2083
  2.8057   -0.3950    1.7142   -0.3248   -0.2666    2.0767
 -0.5202   -0.0935   -0.3266    0.4314   -1.3195    0.4716
  3.0269    0.6004   -2.1588    1.5030    2.0583   -0.6756
  2.0450   -0.3844   -1.1567    0.8574    0.5025    1.6009
 -3.2771   -1.3934    0.5236   -0.3319   -1.7541   -0.8644
  0.7705    0.8391    0.2613   -0.3393   -0.1680   -1.2616
  1.6180   -0.7047    0.3639   -0.5090    0.7899    1.3906
  1.0672    0.5502   -0.1871    0.7595   -1.3059   -0.2511
  3.3208    1.6793    2.0956    0.1250   -0.8085   -1.5320
  4.3632    0.0469    1.0123    0.9388    1.1157    0.4870
  1.4771    0.3902   -0.0615    1.5399   -1.7129   -0.2546
  4.0609    0.4378    1.0444    0.4245   -0.5683    0.9749
  3.0636   -0.3992   -0.8352    0.8864    1.9127    0.8533
  0.9440   -0.5363   -0.3586    0.1060    1.4472    0.1624
 -2.8451   -1.3576   -0.7666   -1.3835   -0.8545    1.0127
  1.8962   -0.0835    0.4546   -0.1496    1.2528    0.0746
  0.3248   -0.2744    2.0819   -1.0029   -0.2063   -0.3654
  2.9666    0.4651    0.3343    0.0001   -0.6299    1.6492
 -3.1725   -0.5673   -0.4736    0.5354   -1.3976   -1.4675
  1.6379    0.1155    0.3168   -0.1793    0.5650    0.1476
  0.8417   -2.1849   -0.2326    1.6790    0.8704    0.2784
 -2.8708   -0.2785   -1.9913   -0.7876   -0.5308    0.0230
  1.5798   -0.0649   -0.9612    1.6746    0.0172    0.6573
 -0.8806   -0.5976    0.0256   -0.3649   -0.1386    0.1852
  3.6086    0.3587    2.1983   -0.4381    0.3215   -0.3642
 -1.8129   -1.3833   -0.8007    0.6192    1.3769   -1.9044
  0.7275   -1.0802   -0.2079   -0.0420    0.9169    0.1946
  2.0990   -1.0677   -0.8528    0.2112    2.6189    0.2830
  0.8807   -0.6802   -0.6333   -0.2832    1.4406    0.6441
  2.8182    1.1497   -1.1612    0.6615   -0.3368    1.4801
  5.1057    0.4441    1.3587    2.3453    0.2076   -0.9215
  1.8249    1.1811    0.2175   -0.9503   -0.2504   -0.2102
 -0.8546   -1.7303   -1.4193   -0.0672    1.1923    0.1983
  3.3492    0.1189    0.6413    1.1842    0.2093    1.1385
  4.9391    1.8027    0.3779    0.3443    1.6261   -0.6623
  4.0207    0.4619   -0.4633    1.1674    2.4066   -1.1343
  4.3333    1.0127   -0.7005    0.4670    1.1216    0.7459
 -1.7863   -1.6149   -1.1122    0.2586    0.4164   -0.4537
  4.3388    0.4098    0.8825   -0.5625    0.8279    1.1311
  3.0634    1.2582    0.2762    0.1041   -0.7211    0.4191
  2.6495    1.1313   -0.2190    0.7936    0.4265   -0.8569
  2.1204    0.0709    1.1218   -0.2531   -0.0429    0.6421
 -2.4558   -0.2293   -2.4549    1.4600   -0.8787   -0.4690
  1.5043    0.5258    0.7254    0.5314   -1.3155   -0.0204
 -2.1756    0.1384   -0.4873   -1.6056   -0.2283   -0.9723
  5.4178    1.7366    0.0108    0.6377    1.4287    0.3191
  2.4468    0.1138    0.1041    2.5137   -0.8121   -0.0677
 -0.7310   -1.0313    0.1072    1.0669   -1.0118   -0.8242
 -0.2291   -0.3887   -0.1456    1.2021   -1.0815   -0.0011
 -4.9502   -0.2230   -0.8224   -2.2413   -0.5828   -1.2737
  4.9439    0.7313    1.0417    0.5954    1.3860   -0.1523
  1.6302    0.0443   -0.6912    1.0941    0.5121   -0.2621
  3.9793    0.4388    1.0832    0.7723    0.7628   -0.4686
  3.8401    2.5895    0.0673    0.9391   -1.0672    0.0381
  1.2803    1.1209    1.6295   -1.3198   -0.3672   -0.9350
 -0.0206    0.7790   -0.7690   -0.2776    0.2547   -1.4049
 -0.8381    1.3986   -2.2306   -0.7135   -0.0970   -0.5704
  0.0095    1.5930   -1.4454   -0.5641    0.4331   -1.1383
  0.0377    0.6616   -0.8034   -0.7877    1.1972   -1.6650
  0.4070   -0.7832    0.5618    0.0600    1.1566   -0.6797
  1.6398   -0.6965   -0.5451   -0.0075    2.1000    0.1742
 -2.3397    0.4221   -1.8540    0.3621   -0.1208   -2.1601
  2.3687    0.8417   -0.3328    0.3352    0.6743   -0.7229
 -1.5527   -0.4707   -1.7823   -0.5667    1.1706   -0.6934
  1.5803   -0.2963   -0.4632    0.6869    0.2808    1.1367
 -2.8889    0.2441   -1.6553   -0.7513    0.1942   -1.3686
  2.5596   -0.2385    0.0097    1.6453    0.8133   -0.2395
 -2.5138   -0.7575   -0.7841    0.4381   -0.9943   -0.4773
 -2.2261   -0.0048   -0.3733   -1.2813   -0.9565   -0.1064
 -4.1646   -1.9898   -0.7600    0.3178   -0.7993   -1.5755
  5.0947    2.1756    1.2051   -0.5257   -1.4908    2.5093
  3.3838   -0.4507    0.3586    0.3788    0.3488    1.9112
  5.5816    1.0482    1.6009    0.4967    0.1959    0.2689
  1.6469   -1.1576   -1.8294    1.8805    0.4213    1.4856
  2.2366   -0.2732   -0.2697   -0.0138    1.3710    0.9162
  3.0305    0.7996    0.1187    0.2857    0.2633    0.2843
  0.6035   -0.9847    1.2407   -0.6688   -0.0834    0.3531
  2.4793   -0.1488    0.7547    1.2606    0.1797    0.1962
 -0.4876   -0.0046   -1.4754   -0.2462    0.9987   -0.7174
  4.5064    0.2856    1.1092    0.2733    1.1061    1.1119
  4.1312   -0.2315    0.4597    0.7781    1.6781    0.8466
  1.6666   -0.3700    0.2729    0.9277    0.9704   -0.3071
 -0.6754   -0.4985   -1.2107   -0.9348    1.5057    0.3727
 -0.5453   -0.1392   -0.9765   -0.0595   -0.4715    0.8461
  3.4401   -0.5543   -0.0190    0.0003    1.4095    1.7450
  0.9824   -1.9216    0.3943    2.0316   -0.6226    0.1897
  4.0014    1.0150    1.4125    0.2358    1.4401   -1.8017
  4.0794    0.4626    0.6887   -0.1004    1.2626    0.0408
  4.2173    1.2842   -0.0583    1.0146   -0.3560    1.1030
 -1.9758   -0.2236    0.2652   -0.8534   -1.0442   -0.6959
  0.3201    0.4502   -0.3112   -1.1416   -0.6578    0.1698
 -2.2370   -1.1370   -0.6455    0.5208   -0.2603   -1.1188
 -3.0438   -0.8466   -0.2492   -1.5656    0.4470   -1.8178
 -3.1586   -0.3679   -0.6203   -0.7680   -0.7319   -0.7605
  5.0137    0.8675    0.9889    0.5326    1.4984   -0.1947
 -1.8357   -0.6179    0.0442    0.8410   -0.7383   -1.8760
 -0.2441   -0.2076    1.1570   -0.7071   -0.1484   -0.3985
  1.1155    0.7143   -2.2938   -0.1675    1.1753   -0.0385
  7.1466    1.0655    0.4500    1.4267    0.6113    2.0366
  3.3267    0.1287   -0.6087    0.9559    1.5890    0.7324
 -0.5222   -0.1943    0.2612    0.7463   -1.7534   -0.4120
 -1.6862   -0.0769   -0.8074   -0.1269    0.2569   -1.7906
  1.7437   -0.5168   -0.6664    1.1698    0.3046    0.6635
  0.6515   -1.0023    0.2229    0.7988    1.2018   -0.8876
  4.9858    0.8008    2.2394    0.6960    0.7566   -0.9591
 -4.5328   -2.9215   -0.4986   -1.3916   -0.3928   -0.0805
  0.4878    0.0595    0.5534   -0.1053    0.6217   -0.7514
  3.3767    0.7880   -0.3454   -1.0308    1.6587    1.1965
  1.3511   -0.3202   -0.0982   -0.4439    1.9782   -0.0348
 -3.7860   -0.9822   -2.0562   -0.4451   -0.0373   -0.7897
  1.0746   -0.3062   -1.6760    0.8404    0.3268    0.9169
  5.2111    0.3333    0.8032    0.0689    1.8325    0.4627
  2.6052    1.2973   -1.1286    0.8818   -1.3606    1.6035
  1.0290   -0.1534    1.0443    0.2032    0.1480   -0.5046
  3.5526    0.3795    0.6447    0.1224    0.2523    0.3034
  3.2612    1.5847    0.9863   -2.4062    1.5363   -0.3515
  1.1784   -0.1082   -0.0020   -0.7229   -0.3243    1.6965
  2.7332   -0.9015    1.8384    2.0654   -0.4339   -0.0906
 -0.2931   -0.6297    0.2488   -0.0582   -0.1078    0.1652
  4.7434    1.0068    1.6752   -0.7114   -0.4175    1.3521
  0.1804   -1.1295   -0.3264   -0.4868    1.0374    0.5009
 -1.2766    0.6510   -0.9428   -1.9796    0.0476   -1.0010
 -4.6366   -1.6394   -0.3404    0.5313   -2.2239   -1.0252
  1.0820    0.7909    0.6584   -0.8897   -1.5301    0.4678
 -2.1262    0.0015   -0.5777   -0.1412   -1.3663   -0.3276
  0.2829   -0.3074   -0.0688    1.1195   -0.5838   -0.7043
 -1.8505   -1.0144   -0.6643    1.4844   -1.0358   -0.8113
 -2.8411    0.0301    0.3842   -1.8128   -1.2666   -0.6185
  0.3547   -1.4189   -0.1573    1.6273   -0.0590   -0.0309
 -0.4518    0.1917   -0.8013    0.9839   -1.8596    0.2069
 -2.1164   -0.8005    0.0680   -1.2108    0.6859   -1.5359
 -3.3634   -1.6448    0.4768   -2.7861    0.2271    0.1560
  0.1824    0.9119   -0.3371    0.1623   -1.0550   -0.8177
 -0.3824    1.3210    0.2284   -1.3808    0.2407   -1.9255
 -0.0260   -1.3567   -0.1172    0.5237    0.6575   -0.4048
  0.5660    0.3677    0.9572   -1.5391   -1.1196    0.3288
 -0.5127   -0.3703    0.3863   -1.0096   -0.5056    0.8167
 -1.4922   -1.6179    0.5589    0.0722   -0.2366   -0.4163
  0.3425   -1.3056    0.9682   -0.6637   -0.0906    0.9582
  1.2914    0.6936   -0.1059   -0.0925   -0.6134   -0.4986
  0.9356    2.2587   -1.6905   -0.0284   -0.7353   -0.4210
 -3.9793   -0.7496   -1.2510    0.5258   -2.0451   -0.4923
 -0.4985   -0.9150   -0.8900    2.7651    0.1120   -1.6246
  1.4184    0.4095    0.3454    0.2508   -0.4281   -0.9642
  5.1434    2.7951    0.7927    0.5590   -0.2930   -0.1617
 -4.9458   -0.0314    0.2004   -3.1042   -1.9679   -0.4253
  1.1050   -1.3073   -0.2301    1.4570   -0.3800    0.7758
  1.2959    0.5114   -0.5378   -1.5594    1.6709   -0.1534
 -1.1980   -2.6799    1.8070   -0.1381   -1.1655    0.4462
  2.2518    0.7806   -0.8698   -0.7386    1.0142    0.3538
 -4.5990   -1.9768    0.0232   -0.8923   -2.2206   -0.4040
  1.2002   -0.4967   -0.1273    1.2325    0.7116   -0.4485
  1.9048   -0.5349    0.8690    0.4871    1.4133   -0.9799
  0.2231   -0.0654   -0.2178    0.9116   -0.7009   -0.6793
  2.7632    1.3157    0.4555   -0.6343    0.5052    0.0453
  4.0595    1.4754   -1.0855    1.6559    0.2466    0.1802
 -3.4822   -1.3782   -1.7144   -1.6326    2.5064   -1.6773
  0.0767   -1.3247    0.6271   -0.4395    1.4891   -0.5845
 -2.6835   -0.3352   -0.3451   -0.5447   -1.0831   -0.6393
 -1.9349   -1.5286    0.2432   -0.7855   -0.3888   -0.2340
 -2.2588    0.0453   -0.3160   -0.8720    0.2914   -2.4027
 -0.0907   -2.1181   -0.6036    1.8987    0.0644    0.4813
 -1.4543   -0.4344    1.1230    0.4553   -1.8765   -1.5029
  2.3762    0.3548    1.0635    1.0193    0.7075   -1.9646
  2.8488   -1.6882    1.6617    0.0079    1.1658    0.7093
  2.6945    0.2288    0.7464    0.0778    1.4727   -0.6334
  2.7942    0.1473   -0.1321    1.5096    0.5341    0.3111
 -1.0038   -0.9563    0.5795   -0.4823   -0.5952   -0.2784
  0.3698   -0.8883   -0.8362   -0.0975    0.8953    0.7982
 -0.4884    0.2503   -0.1479   -0.4761   -0.0530   -0.8706
 -2.7200   -0.6597   -0.3582   -0.5074   -0.2759   -1.2753
 -1.9130    0.2166   -1.2912   -0.0844   -1.4193    0.5921
  1.7276   -0.5289    2.2302   -0.4525   -0.1602    0.0479
 -1.7183   -0.7976   -0.2484   -1.5575    0.6273   -0.6524
 -0.9494   -1.3037   -0.8749    1.1368   -0.3110    0.2096
  3.8277    1.7763   -0.1264    0.2347   -0.0197    0.5304
 -1.7144    0.0553   -0.6989   -0.7493   -1.3161    0.2454
  1.4415    0.7552    0.6098    1.2923   -1.0294   -1.2255
  0.6361   -0.5420    0.4068    0.3855    0.7507   -1.3111
 -0.7945    0.7067   -1.0592   -1.4750    0.2296   -0.9603
  1.7729    0.3437   -0.6591   -0.3682    0.6363    0.2615
  3.0875    0.5587    1.2788    0.2774    0.4352   -0.6465
  2.7542   -0.7671    1.5707    0.9500    0.0460    0.4567
  2.1228    1.0309    0.6849   -0.5770   -0.6236    0.0899
  0.6336   -0.1093    0.0173    0.3385   -0.2895   -0.3176
  3.4072   -0.5589    2.1880   -1.4636    1.2274    1.1595
 -2.4387   -1.0564   -0.5967   -0.1785   -2.6273    1.0579
  2.9756    0.5278   -0.5229    0.4466    0.3956    0.4496
 -1.2055   -0.1701    0.0715   -0.1635   -1.2782   -0.0687
  2.5360   -1.0222    1.2118   -0.0587    0.2556    1.2144
 -0.6081    0.4675   -1.1090   -1.4038    0.5475   -0.5898
  2.6934    0.7018    0.5401    2.2085   -0.1729   -1.8158
 -0.4777   -1.2979   -0.2959    1.5972   -1.2712    0.3939
  1.6246    1.0649   -0.6593   -1.0579    1.0405   -0.4687
  2.5647   -0.9351    1.1071    0.0270    1.2917    0.5155
  0.2598   -0.0526   -0.0009   -0.2122    0.6531   -0.8842
  1.1992    0.5109   -0.8329    0.4190   -0.3497   -0.5436
  2.0153   -0.1393    0.5013    0.3799    0.0688    0.2421
  0.6268   -1.3857    0.7796    0.4853   -0.0271    0.2397
  2.0003    0.7988    0.3754   -0.7729    0.2460   -0.6109
 -1.7919    0.7051   -1.8562   -1.4218   -0.3253   -0.0095
 -0.1035    0.6798   -1.4053    0.4300   -1.1322    0.2728
 -1.6274   -0.8448   -0.4388    0.3554   -2.6512    1.6475
 -2.4320    0.1640   -0.2491   -0.0763   -1.4272   -1.4236
 -0.3076   -0.5996   -0.7595    1.5494    0.8137   -1.8427
  4.1961   -0.3352    0.8897    0.7481    1.8763    0.1160
 -2.2797   -0.1903   -2.5637   -1.2822    0.8529    0.3631
  5.9137    1.9103    0.9673    1.1000    0.3920    0.1122
  1.4431    0.2731    0.1251    0.8787    0.2603   -0.6367
  4.1164    0.9980    0.6731    1.5093   -0.2431   -0.5332
 -1.9462    0.9551   -0.2672   -0.1806   -1.7014   -1.7687
  1.7970    0.7628   -1.1222    0.4005   -1.1265    1.0816
  1.0857    0.1634   -0.2028   -0.6051    0.9056    0.6820
 -0.1482   -1.4772   -0.3541    1.1842   -0.3234    0.3439
  3.1841   -0.2068    2.0821    0.3720    0.8311   -0.1512
  1.5642    0.7654    0.1252   -0.7495   -1.0116    1.0656
 -0.7606   -0.3276    0.7446   -0.3232   -0.7198   -0.7965
  0.4511   -0.3656    0.2873    0.2493   -0.7451    0.8557
  3.0956   -1.9444    1.3662    0.6940    1.3784    1.3226
  3.4746    1.0830    0.0480   -0.5612   -1.3549    3.0615
  1.4108    0.8015   -0.4733    0.5281   -0.0475   -0.5931
 -1.7805   -0.1280   -0.3974   -0.1829   -1.3395   -0.0595
 -0.5372   -1.1481   -1.8173    0.8860    0.0426    0.6190
  3.8534    0.7791    0.4105    0.7587    0.0021    0.4319
  2.6573   -0.7643    0.4768    0.6610    0.1251    1.7547
 -2.1023    1.3809   -1.7300    0.2311   -1.2017   -1.9618
  4.6054    0.8480    1.8430   -0.3564   -0.4429    0.7447
 -0.5501   -1.7556    0.8164   -1.1409    0.1766    0.9460
  1.8638   -1.9762    1.2763   -0.7180    0.5661    1.8710
  7.1446    3.6829    0.1204   -1.2129    1.6360    1.3029
  1.7139   -0.3361    0.7733    1.2536    0.6005   -0.9540
 -2.4684    0.3855   -1.6359   -0.9836   -1.3343   -0.7773
  0.0560    0.3907    0.0409   -0.1353   -1.1111   -0.9140
  2.2410   -0.5280   -0.7257    1.3850    1.4595    0.1852
 -1.6173   -0.1741   -0.8837    0.7434   -1.7014   -0.4155
 -1.6458    1.5749   -1.6720   -1.2773   -1.6939   -0.4760
 -3.2621    0.6217   -1.1487   -1.3914   -0.5926   -2.1805
  0.7321    0.6995   -1.4654   -1.1733    0.8154    0.5216
  0.4632    0.9278   -2.4506    0.1058   -0.8863    1.1698
  3.7580    1.2091    0.1572    0.0121   -1.4324    1.9099
 -0.8496   -0.4032   -0.5390   -0.9416   -0.3788    0.7109
 -0.7517   -0.6699   -1.0725   -0.9914    0.8606    0.7440
  0.1321   -0.3257    1.0520    0.9214   -1.8308   -0.4198
  1.6436   -0.4739    1.7546   -0.5126    0.5020   -0.5807
 -2.6845   -0.2321   -1.9424   -0.4424   -1.4418    0.8313
  5.4871    0.6739    1.2755    0.6642    1.2479    0.0855
 -2.0492   -0.6221   -0.4772   -0.0272   -0.9750   -0.2587
 -2.8784   -1.1273    0.3125   -1.7615   -0.8455    0.4721
 -0.6058    0.2937    0.4653   -1.0094    0.3990   -0.9364
  2.9592    0.6171   -0.6139    1.4757   -0.4698    0.8572
  4.0381    1.7139    0.3755   -0.0195    0.9024   -0.3977
  7.3380    2.7786    1.4679    1.2059    0.6546    0.2217
  7.1817    0.6308    0.2779    0.6572    1.7508    1.9499
 -2.4304   -0.6972    0.3028   -2.2040   -0.1545   -0.3202
 -2.0598   -0.3765   -0.5618   -0.7293   -1.4478    1.0542
  5.0877    1.9092   -0.5156    0.6945    1.7384    0.2308
  4.8629    0.7471    2.3252   -1.0215   -0.4546    2.0582
  0.9214   -0.4451   -0.2517    0.9993   -0.5779    0.7417
  3.3225    0.9879   -0.0620    1.0682    0.5569   -0.3558
  3.1794    1.2293   -0.6349    0.5228    2.1743   -1.1207
  5.6903    1.1569    1.0488   -0.8721    2.1130    0.5166
 -1.4735   -0.2189   -1.2179    1.9223   -0.8254   -1.4877
 -2.7025   -0.5791    0.4174   -0.5522   -1.0775   -1.6915
  0.9333   -0.5289    0.5149    0.7272   -1.2415    1.0249
 -0.9102    0.6816   -1.2682   -1.3833    0.8591   -1.2359
 -3.6354   -0.0497    0.5651   -2.3240   -1.4926   -0.3834
  0.6332   -0.6778    0.1425    1.3068   -1.1276    0.9398
  1.5164    2.2533   -0.6530    0.5739   -0.0793   -1.6697
  1.7281    0.1903    2.1053    0.3487    0.4623   -1.9725
  0.9155    0.1772   -0.5349    1.9117   -1.0043    0.1247
  2.5713    1.7897   -0.4735   -0.1785   -0.8467    0.4390
  0.5118    3.3898   -1.2496   -1.7890   -0.1460   -1.5507
  1.0768    1.0223   -1.5530    0.0118   -0.1112   -0.2566
 -0.1374   -0.6193   -0.8943   -0.0033   -0.3628    1.2534
 -0.1237   -0.8410    0.4797   -0.8552    1.5370   -0.6645
  1.6659    1.0339   -0.0505    0.4099    0.0298   -0.9833
  0.3524   -0.8566   -1.0313    0.4506    0.5105    0.7425
 -1.5505   -0.1347   -0.5728   -2.1560    0.3632    0.1877
  3.4574    0.9173    0.7654    0.9955   -0.3962   -0.1722
 -2.5324   -1.3658    0.4799    0.2297   -1.6122   -0.7251
  1.7411   -1.1156    0.0134    0.0605    0.5784    1.5650
 -1.0553    0.8132   -0.4845   -0.3227   -1.7468   -1.2319
 -2.9075   -1.6906   -0.8813    1.1627    0.3313   -1.9912
  2.1349    0.4335   -0.6440    0.2718    0.6785   -0.3205
  0.5796    0.2239   -1.5190    0.5131    0.8481   -0.0642
  0.0675    0.6191    0.0399   -1.1741   -0.1149   -0.7358
  2.8058   -0.7792    0.6737    0.3021   -0.0866    1.8116
 -0.1061   -0.2525   -0.6358   -1.9110    1.8629    0.4373
  0.2715    0.1307    0.6634    0.7913   -0.5653   -0.9275
  7.4828    2.1785    1.6799    1.8467    1.9852   -1.8408
  2.3643    0.2564    1.2018    1.1083   -0.6541   -0.1721
  6.7949    0.6450    0.0116    2.4443    1.2228    1.1433
 -0.6298   -0.0685   -1.6277    0.1072    0.3377   -0.1814
  5.3362    1.2379    0.4890    1.5849   -0.9875    1.0123
 -2.0955    0.1572   -0.4235   -0.2317   -2.5215   -0.0569
  0.9475   -0.9404    1.7426    0.6796   -0.1019   -0.5594
  1.8546   -0.3189    0.7866    0.5703    0.9119   -0.3276
 -0.8127    0.2714    0.0162   -0.6203   -0.4822   -0.0215
  0.0001   -0.1687   -0.2430    0.3585   -0.0682   -0.4860
  3.9351    0.5171    1.9121   -0.1485   -0.1007    0.6444
  0.3571    0.1722   -1.0231    0.5651   -0.9653    1.2008
  3.4149    0.7072   -1.4837    1.0085    0.8018    0.4970
 -1.0305   -0.2278   -0.9687   -0.0730    0.7307   -1.0398
  0.1988    0.4016   -0.9684   -0.7063   -0.3464    0.4493
 -1.2990    0.9690   -1.9229    0.1015   -1.3140   -0.3409
  3.4063    0.2782    0.9324    1.1143    0.8670   -0.2264
 -1.7714   -1.3748   -0.1147   -0.2209    0.8614   -1.8786
 -0.8773   -0.0872   -0.6245   -0.5432   -0.3603    0.6140
 -0.8770    0.1418   -0.9804    0.6345   -1.3789    0.2352
  0.3314    0.1022   -0.4015   -0.9448   -0.2602    0.9788
  0.6560    0.7926   -0.4134   -0.2161   -1.0458    0.4953
 -5.2535   -0.8656   -1.7819   -1.5891   -0.7354   -0.9732
  3.2190    0.5705   -0.4935   -0.0826    0.9395    0.3062
  0.1002   -0.5269   -1.1287   -0.3584    0.8661    0.9649
  0.6175   -0.3547    1.6996   -0.3898    0.0100   -0.4813
  0.6480    0.6578   -1.1809   -0.5229    0.3078   -0.2991
  1.1321   -0.6835    0.6824    2.2475    0.1943   -2.2181
 -0.6102   -0.7835    1.7741   -0.2164   -0.7775   -1.2179
  2.8860    0.4949   -1.2398    1.0196    0.0393    0.6720
  2.2067   -0.5292    0.9531   -0.3846   -0.4914    2.4654
 -1.4534   -1.8436    0.0683   -0.1896    0.5754   -0.8182
  0.9885   -1.4464    1.0574   -0.6836    0.7439    0.9709
  4.9934    1.1332    0.4172    0.7345   -0.4172    1.7071
  1.7480    0.8764   -1.6538    0.6205   -0.1741    0.9233
  3.4916    0.7277    0.1776    1.3621   -0.1016   -0.4931
  2.2100    0.8580   -1.6690    0.3845    0.0046    1.0070
  1.4414    0.2303    1.6850   -0.1117   -0.1276   -0.9731
  1.3529   -2.1304    1.5340   -0.7342    1.3375    0.5408
 -2.9956   -1.2762   -0.2855   -0.3542   -0.3737   -0.7732
  2.1905   -0.5503    0.7091    1.2466    1.4890   -1.6546
  3.5540    0.9607   -0.5337    1.4195    0.2475   -0.0376
  1.8231    1.5640   -2.0374    0.5924    0.2050   -0.2560
 -0.3940   -0.6829   -0.9568    0.3206    0.5231   -0.3405
  4.6371    0.2068    1.0492    0.7322    1.4371    0.3807
 -1.6424   -0.5365   -1.3057    0.3964   -0.6788    0.3257
 -1.7311    0.2349   -0.4968   -0.9832   -0.2509   -0.6924
  0.2153   -0.1318   -1.8944    0.0183    1.4507    0.1544
 -5.9728   -3.1532   -2.6543    0.2365   -0.0388   -1.2951
 -0.7887   -0.5769   -1.9694    0.9994   -1.0484    0.9716
  1.6723    1.2791    0.7077   -0.6564    0.2399   -1.7933
  1.5186    0.1580    0.5821   -0.1112    1.4494   -1.1421
  4.0595    1.0898    0.6488    1.0539    0.7621   -1.0778
  0.2221   -0.0511   -1.0968    0.2335    0.5129   -0.2313
  1.3174    1.8816   -0.7279   -0.8873   -0.0893    0.1055
  2.8783    0.2807    1.7966   -1.2008    0.6850    0.4313
 -0.5002   -1.3109   -1.0238   -0.1189    0.5189    1.0267
 -0.9013   -1.1210    0.0193    0.4129   -0.4979    0.2491
  2.7166    1.2721   -0.0301    1.1440    0.2632   -1.6787
 -1.5953   -0.5139    1.9229   -1.6462   -1.1115   -0.4014
  0.5497    0.1718   -0.4627    0.1273    0.0429    0.5265
  5.4160    0.8030    0.3768   -0.3221    0.5096    2.4427
  1.2068   -0.6231    0.6990    0.5318    0.5627   -0.2181
  3.0145    1.9605    1.3039   -1.7373   -0.0133    0.1765
  0.2277   -0.2765    0.3563    0.3904   -0.5931   -0.0512
  0.9025    0.4006   -1.8216   -0.3287    0.1542    1.0917
  2.3916    0.8644   -0.7282    0.4831   -0.3429    0.7290
 -1.6740    0.0919   -0.2369   -1.8246   -0.4785    0.1644
  3.9225    0.5891    1.9363   -0.2755    0.5955   -0.0898
  1.7545    0.1640   -0.3154    0.8342   -0.0862    0.9698
 -1.3171    1.3350    0.4213   -0.8626   -0.9224   -2.3830
  3.8813    0.8122   -1.2231   -0.1198    1.5295    1.5592
  3.4792   -1.0639    0.6236    2.1187   -0.0031    1.0344
  3.5814    1.5394    0.8789   -0.3994   -0.2141    0.5424
 -1.7241    0.1334   -0.4606   -0.2490   -2.4532    0.5648
 -1.0552   -1.0746    0.0966   -0.5602   -1.0938    0.8840
  4.9752    0.3978    0.5129   -0.1050    0.7797    1.5657
  2.0324    0.3992   -1.0380   -0.5985   -0.9223    2.3639
  2.0878   -0.7130   -0.7970    2.8882    0.0617    0.3545
  0.5740   -1.3019   -0.5927   -0.4410    1.7384    0.8619
 -2.6966   -0.1956   -1.9974   -0.7642   -0.2908    0.0284
 -4.1677   -1.2953   -1.9042   -0.2517    0.3162   -1.3580
  4.8110    1.5584    0.8584    0.5246   -0.5508    0.5886
  2.2607   -1.0031    0.3134   -0.6732    2.1346    0.6787
  0.8808   -0.5830    0.3144    0.9498    0.5446   -0.9021
 -0.8176   -1.2709   -0.6774    1.3002   -0.1511   -0.2815
  0.5878   -1.0257    2.1825   -1.2244    2.3726   -2.3978
  0.5803    1.3040   -0.7835   -0.2287   -0.5176   -0.4275
  1.7617   -0.6909    1.0872   -0.2060    0.4069    0.7080
  2.1936    0.8335   -0.0912    0.7632   -0.3822   -0.3143
  5.9824    1.7924    1.2899    0.3428    0.8187    0.1999
  5.4203    0.5848   -0.6579    1.5930   -0.4208    2.3294
  0.4280   -0.5658   -2.2024    1.1722   -0.4031    1.6719
 -1.6301   -0.1069   -0.1799   -1.1371    0.1467   -1.3335
 -0.0765   -0.9701    0.6474    0.3120    0.4292   -0.7298
  4.9609    2.2063    0.5983   -1.3190    0.7069    1.2398
 -3.0108   -0.4740   -1.2132   -0.6694   -1.0102    0.3045
  1.3861    0.3326   -0.2948   -0.7007    0.3020   -0.0099
 -2.7937   -2.3819    1.4052   -1.5404   -0.2644   -0.6142
  2.9211    0.2504    0.9627    0.2285    0.3109    0.3114
 -0.0043   -0.0083   -2.0728   -0.6089    0.2404    1.4571
  0.9305   -0.3186    0.0843    0.9233    0.3561   -1.0441
  3.6937    0.3252    0.8404    1.8512   -0.8986    0.1660
 -1.3669    0.1827   -1.1469   -0.5333   -1.4996    1.6298
 -0.5623   -0.7587    2.2467   -0.5387   -0.3732   -1.6792
  1.0228   -0.7226    0.6289    1.6965   -0.2253   -0.5625
 -0.1777    0.0166   -0.6373   -0.1767    0.5320   -0.1317
 -0.8815   -0.7352   -0.3065    0.8083   -1.3317    0.3578
  1.4163   -0.4716   -0.1750    0.0809    0.8047    1.0814
 -0.9839   -0.4939   -0.1709   -0.0060   -0.7525   -0.3081
  4.7519   -0.5706    1.7310    1.9489    1.2586   -0.3645
 -2.6207   -1.7872   -0.6413    0.2287   -0.7117   -0.2525
 -1.7197   -1.3646    0.1655    0.1350   -0.7326   -0.2611
 -0.0798   -0.6398    0.4647   -0.7256   -0.6784    0.6670
  2.7191    1.3393   -1.0571    0.6178   -0.2562    0.5228
  2.5977    0.3221    0.2205    0.3145   -0.6175    0.4005
  0.7839    0.0434   -0.4958    1.1241   -0.9662    0.1857
  3.4359    1.4859    0.2954    1.1291   -0.7560   -0.0750
  0.8008    0.3342    0.3577   -0.4339   -0.9939   -0.0097
 -1.2177    0.5418   -1.5475    0.8257   -1.6185   -0.7658
 -3.8248   -0.5798   -1.2118    0.8830   -0.9263   -2.6127
  5.4702    0.6384    2.1835    0.1464    2.5005   -1.7951
  1.8501   -0.9844    0.6267    1.1846    0.5140   -0.2368
  1.4782    0.5470    0.1905   -0.3263   -0.0103   -0.0483
 -1.9861   -1.1303   -0.9725   -1.3091   -0.8916    1.4951
  1.2569    1.0373   -0.5551    0.2292    0.0408   -0.5205
 -1.5319   -1.1784    1.0360    0.6975   -2.0858   -0.4158
 -2.6000   -1.1100   -0.3914   -1.1687   -1.2302    0.5690
  3.7605   -0.4602    0.6969    1.4053    0.1881    1.1490
 -0.9184    0.3173   -0.2094    1.4168   -2.9029   -0.9075